*********** start of CM BLOCK with identifier block ***********
50.00
BLOCK
93.6, 94.99, -1000000
52
4
6
6
9
7
6
11
6
6
9
6
6
6
5
6
8
6
6
8
6
6
6
5
9
6
5
6
14
6
5
5
6
7
6
6
9
6
9
7
10
8
6
5
5
6
8
6
4
6
7
11
9
-4.81
3.98
-4.83
3.94
-4.93
1.5
-4.77
4.02
-4.93
1.5
-4.91
1.46
-4.85
1.4
-4.73
4.08
-4.75
4.06
-4.77
4.02
-4.83
3.94
-4.87
3.9
-4.89
3.86
-4.99
1.58
-4.97
1.54
-4.93
1.5
-4.85
1.4
-4.83
1.36
-4.78
1.31
4.05
3.58
4.03
3.62
3.99
3.66
-4.67
4.16
-4.71
4.12
-4.73
4.08
-4.89
3.86
-4.91
3.84
-4.99
3.68
-5.01
3.62
-5.05
1.66
-5.03
1.62
-4.99
1.58
3.99
3.66
3.97
3.7
3.93
3.74
-4.59
4.26
-4.65
4.2
-4.67
4.16
-4.78
1.31
-4.79
1.22
-4.63
-0
-4.61
-0.04
-4.57
-0.08
4.19
2.62
4.2
2.63
4.19
3.24
4.15
3.4
4.07
3.56
4.05
3.58
-5.01
3.62
-5.25
3.14
-5.29
2.98
-5.11
1.74
-5.09
1.7
-5.05
1.66
3.93
3.74
3.91
3.78
3.85
3.84
-4.51
4.36
-4.57
4.3
-4.59
4.26
-4.57
-0.08
-4.55
-0.12
-4.53
-0.14
4.01
1.76
4.03
1.78
4.11
1.94
4.15
2.1
4.17
2.32
4.19
2.62
-4.79
1.22
-4.8
1.21
-4.79
0.36
-4.75
0.2
-4.67
0.04
-4.63
-0
-5.29
2.98
-5.3
2.97
-5.29
2.18
-5.23
1.94
-5.15
1.78
-5.11
1.74
3.85
3.84
3.83
3.88
3.79
3.92
-4.43
4.46
-4.49
4.4
-4.51
4.36
-4.53
-0.14
-4.51
-0.18
-4.49
-0.2
3.99
1.72
4.01
1.76
3.79
3.92
3.77
3.96
3.71
4.02
-4.35
4.56
-4.41
4.5
-4.43
4.46
-4.49
-0.2
-4.47
-0.24
-4.43
-0.28
3.83
1.2
3.85
1.22
3.93
1.38
3.97
1.54
3.99
1.72
3.71
4.02
3.69
4.06
3.55
4.2
-4.27
4.66
-4.33
4.6
-4.35
4.56
-4.43
-0.28
-4.41
-0.32
-4.35
-0.38
3.77
1.12
3.81
1.16
3.83
1.2
3.55
4.2
3.53
4.24
3.3
4.47
3.26
4.49
-4
4.93
-4.04
4.91
-4.25
4.7
-4.27
4.66
-4.35
-0.38
-4.33
-0.42
-4.25
-0.5
3.69
1.02
3.75
1.08
3.77
1.12
3.26
4.49
3.05
4.7
-3.7
5.09
-3.76
5.07
-3.96
4.97
-4
4.93
-4.25
-0.5
-4.23
-0.54
-4.1
-0.67
-4.06
-0.69
3.47
0.58
3.69
1.02
3.05
4.7
3.03
4.76
-3.54
5.15
-3.66
5.11
-3.7
5.09
-4.06
-0.69
-4
-0.75
-3.96
-0.77
3.27
-0.02
3.31
0.02
3.39
0.18
3.43
0.34
3.45
0.44
3.47
0.58
3.03
4.76
3.01
4.84
2.93
5
2.89
5.04
-3.46
5.19
-3.54
5.15
-3.96
-0.77
-3.92
-0.81
-3.84
-0.85
3.25
-0.06
3.27
-0.02
2.89
5.04
2.87
5.08
2.83
5.12
-3.4
5.23
-3.44
5.21
-3.46
5.19
-3.84
-0.85
-3.82
-0.87
-3.54
-1.01
-3.08
-1.21
-3.02
-1.23
-2.86
-1.27
2.85
-1.68
2.87
-1.66
3.07
-1.26
3.15
-1.02
3.19
-0.86
3.21
-0.76
3.23
-0.62
3.25
-0.06
2.83
5.12
2.81
5.16
2.77
5.2
-3.22
5.39
-3.26
5.37
-3.4
5.23
-2.86
-1.27
-2.82
-1.29
2.77
-1.8
2.81
-1.76
2.85
-1.68
-3.54
-1.01
-3.52
-1.03
-3.28
-1.15
-3.16
-1.19
-3.08
-1.21
2.77
5.2
2.75
5.24
2.73
5.26
-3.1
5.49
-3.14
5.47
-3.22
5.39
-2.82
-1.29
-2.81
-1.32
-2.75
-1.44
-2.73
-1.46
2.69
-1.9
2.75
-1.84
2.77
-1.8
2.73
5.26
2.71
5.3
2.67
5.34
-2.74
5.69
-3.06
5.53
-3.1
5.49
-2.73
-1.46
-2.71
-1.5
-2.67
-1.54
2.61
-2
2.67
-1.94
2.69
-1.9
2.67
5.34
2.65
5.38
2.59
5.44
-2.08
5.93
-2.22
5.91
-2.38
5.87
-2.44
5.85
-2.72
5.71
-2.74
5.69
-2.67
-1.54
-2.65
-1.58
-2.57
-1.66
2.51
-2.12
2.59
-2.04
2.61
-2
2.59
5.44
2.57
5.48
2.49
5.56
-1.1
6.04
-1.48
6.03
-1.7
6.01
-1.82
5.99
-1.92
5.97
-2.08
5.93
-2.57
-1.66
-2.55
-1.7
-2.49
-1.76
2.39
-2.36
2.41
-2.34
2.49
-2.18
2.51
-2.12
2.49
5.56
2.47
5.6
2.32
5.75
2.28
5.77
1.7
5.97
1.56
5.99
0.88
6.03
0.44
6.05
-1.1
6.06
-1.1
6.04
-2.49
-1.76
-2.47
-1.8
-2.43
-1.84
-1.28
-2.53
-1.24
-2.55
2.33
-2.44
2.37
-2.4
2.39
-2.36
2.28
5.77
2.24
5.81
2.08
5.89
2.02
5.91
1.86
5.95
1.7
5.97
-1.24
-2.55
-1.13
-2.66
2.27
-2.52
2.31
-2.48
2.33
-2.44
-2.43
-1.84
-2.41
-1.88
-2.31
-1.98
-1.34
-2.51
-1.28
-2.53
-1.13
-2.66
-1.11
-2.7
-1.07
-2.74
2.21
-2.6
2.25
-2.56
2.27
-2.52
-2.31
-1.98
-2.29
-2.02
-2.25
-2.06
-2.08
-2.23
-2.04
-2.27
-1.88
-2.35
-1.58
-2.45
-1.34
-2.51
-1.07
-2.74
-1.05
-2.78
-0.99
-2.84
2.15
-2.68
2.19
-2.64
2.21
-2.6
-2.25
-2.06
-2.23
-2.1
-2.12
-2.21
-2.08
-2.23
-0.99
-2.84
-0.97
-2.88
-0.91
-2.94
2.05
-2.8
2.13
-2.72
2.15
-2.68
-0.91
-2.94
-0.89
-2.98
-0.78
-3.09
-0.74
-3.11
1.97
-2.9
2.03
-2.84
2.05
-2.8
-0.74
-3.11
-0.7
-3.15
-0.54
-3.23
-0.38
-3.27
-0.28
-3.29
-0.16
-3.31
0.06
-3.33
1.76
-3.11
1.8
-3.09
1.95
-2.94
1.97
-2.9
0.06
-3.33
0.07
-3.34
0.92
-3.33
1.12
-3.31
1.28
-3.29
1.4
-3.27
1.56
-3.23
1.72
-3.15
1.76
-3.11
10
10
-10
-10
0.7, 0.01, 0, 1
0.7, 0.01, 0, 1
AIR700ICRU
0.7, 0.01, 0, 1
CERROBEND700
