1
251
0
-4.810 3.980
-4.830 3.940
-4.870 3.900
-4.890 3.860
-4.910 3.840
-4.990 3.680
-5.010 3.620
-5.250 3.140
-5.290 2.980
-5.300 2.970
-5.290 2.180
-5.230 1.940
-5.150 1.780
-5.110 1.740
-5.090 1.700
-5.050 1.660
-5.030 1.620
-4.990 1.580
-4.970 1.540
-4.930 1.500
-4.910 1.460
-4.850 1.400
-4.830 1.360
-4.780 1.310
-4.790 1.220
-4.800 1.210
-4.790 0.360
-4.750 0.200
-4.670 0.040
-4.630 -0.000
-4.610 -0.040
-4.570 -0.080
-4.550 -0.120
-4.530 -0.140
-4.510 -0.180
-4.490 -0.200
-4.470 -0.240
-4.430 -0.280
-4.410 -0.320
-4.350 -0.380
-4.330 -0.420
-4.250 -0.500
-4.230 -0.540
-4.100 -0.670
-4.060 -0.690
-4.000 -0.750
-3.960 -0.770
-3.920 -0.810
-3.840 -0.850
-3.820 -0.870
-3.540 -1.010
-3.520 -1.030
-3.280 -1.150
-3.160 -1.190
-3.080 -1.210
-3.020 -1.230
-2.860 -1.270
-2.820 -1.290
-2.810 -1.320
-2.750 -1.440
-2.730 -1.460
-2.710 -1.500
-2.670 -1.540
-2.650 -1.580
-2.570 -1.660
-2.550 -1.700
-2.490 -1.760
-2.470 -1.800
-2.430 -1.840
-2.410 -1.880
-2.310 -1.980
-2.290 -2.020
-2.250 -2.060
-2.230 -2.100
-2.120 -2.210
-2.080 -2.230
-2.040 -2.270
-1.880 -2.350
-1.580 -2.450
-1.340 -2.510
-1.280 -2.530
-1.240 -2.550
-1.130 -2.660
-1.110 -2.700
-1.070 -2.740
-1.050 -2.780
-0.990 -2.840
-0.970 -2.880
-0.910 -2.940
-0.890 -2.980
-0.780 -3.090
-0.740 -3.110
-0.700 -3.150
-0.540 -3.230
-0.380 -3.270
-0.280 -3.290
-0.160 -3.310
0.060 -3.330
0.070 -3.340
0.920 -3.330
1.120 -3.310
1.280 -3.290
1.400 -3.270
1.560 -3.230
1.720 -3.150
1.760 -3.110
1.800 -3.090
1.950 -2.940
1.970 -2.900
2.030 -2.840
2.050 -2.800
2.130 -2.720
2.150 -2.680
2.190 -2.640
2.210 -2.600
2.250 -2.560
2.270 -2.520
2.310 -2.480
2.330 -2.440
2.370 -2.400
2.390 -2.360
2.410 -2.340
2.490 -2.180
2.510 -2.120
2.590 -2.040
2.610 -2.000
2.670 -1.940
2.690 -1.900
2.750 -1.840
2.770 -1.800
2.810 -1.760
2.850 -1.680
2.870 -1.660
3.070 -1.260
3.150 -1.020
3.190 -0.860
3.210 -0.760
3.230 -0.620
3.250 -0.060
3.270 -0.020
3.310 0.020
3.390 0.180
3.430 0.340
3.450 0.440
3.470 0.580
3.690 1.020
3.750 1.080
3.770 1.120
3.810 1.160
3.830 1.200
3.850 1.220
3.930 1.380
3.970 1.540
3.990 1.720
4.010 1.760
4.030 1.780
4.110 1.940
4.150 2.100
4.170 2.320
4.190 2.620
4.200 2.630
4.190 3.240
4.150 3.400
4.070 3.560
4.050 3.580
4.030 3.620
3.990 3.660
3.970 3.700
3.930 3.740
3.910 3.780
3.850 3.840
3.830 3.880
3.790 3.920
3.770 3.960
3.710 4.020
3.690 4.060
3.550 4.200
3.530 4.240
3.300 4.470
3.260 4.490
3.050 4.700
3.030 4.760
3.010 4.840
2.930 5.000
2.890 5.040
2.870 5.080
2.830 5.120
2.810 5.160
2.770 5.200
2.750 5.240
2.730 5.260
2.710 5.300
2.670 5.340
2.650 5.380
2.590 5.440
2.570 5.480
2.490 5.560
2.470 5.600
2.320 5.750
2.280 5.770
2.240 5.810
2.080 5.890
2.020 5.910
1.860 5.950
1.700 5.970
1.560 5.990
0.880 6.030
0.440 6.050
-1.100 6.060
-1.100 6.040
-1.480 6.030
-1.700 6.010
-1.820 5.990
-1.920 5.970
-2.080 5.930
-2.220 5.910
-2.380 5.870
-2.440 5.850
-2.720 5.710
-2.740 5.690
-3.060 5.530
-3.100 5.490
-3.140 5.470
-3.220 5.390
-3.260 5.370
-3.400 5.230
-3.440 5.210
-3.460 5.190
-3.540 5.150
-3.660 5.110
-3.700 5.090
-3.760 5.070
-3.960 4.970
-4.000 4.930
-4.040 4.910
-4.250 4.700
-4.270 4.660
-4.330 4.600
-4.350 4.560
-4.410 4.500
-4.430 4.460
-4.490 4.400
-4.510 4.360
-4.570 4.300
-4.590 4.260
-4.650 4.200
-4.670 4.160
-4.710 4.120
-4.730 4.080
-4.750 4.060
-4.770 4.020
